498 499
497 499
497 498
496 499
496 498
496 497
495 499
495 498
495 497
495 496
494 499
494 498
494 497
494 496
494 495
493 499
493 498
493 497
493 496
493 495
493 494
492 499
492 498
492 497
492 496
492 495
492 494
492 493
491 499
491 498
491 497
491 496
491 495
491 494
491 493
491 492
490 499
490 498
490 497
490 496
490 495
490 494
490 493
490 492
490 491
489 499
489 498
489 497
489 496
489 495
489 494
489 493
489 492
489 491
489 490
488 499
488 498
488 497
488 496
488 495
488 494
488 493
488 492
488 491
488 490
488 489
487 499
487 498
487 497
487 496
487 495
487 494
487 493
487 492
487 491
487 490
487 489
487 488
486 499
486 498
486 497
486 496
486 495
486 494
486 493
486 492
486 491
486 490
486 489
486 488
486 487
485 499
485 498
485 497
485 496
485 495
485 494
485 493
485 492
485 491
485 490
485 489
485 488
485 487
485 486
484 499
484 498
484 497
484 496
484 495
484 494
484 493
484 492
484 491
484 490
484 489
484 488
484 487
484 486
484 485
483 499
483 498
483 497
483 496
483 495
483 494
483 493
483 492
483 491
483 490
483 489
483 488
483 487
483 486
483 485
483 484
482 499
482 498
482 497
482 496
482 495
482 494
482 493
482 492
482 491
482 490
482 489
482 488
482 487
482 486
482 485
482 484
482 483
481 499
481 498
481 497
481 496
481 495
481 494
481 493
481 492
481 491
481 490
481 489
481 488
481 487
481 486
481 485
481 484
481 483
481 482
480 499
480 498
480 497
480 496
480 495
480 494
480 493
480 492
480 491
480 490
480 489
480 488
480 487
480 486
480 485
480 484
480 483
480 482
480 481
479 499
479 498
479 497
479 496
479 495
479 494
479 493
479 492
479 491
479 490
479 489
479 488
479 487
479 486
479 485
479 484
479 483
479 482
479 481
479 480
478 499
478 498
478 497
478 496
478 495
478 494
478 493
478 492
478 491
478 490
478 489
478 488
478 487
478 486
478 485
478 484
478 483
478 482
478 481
478 480
478 479
477 499
477 498
477 497
477 496
477 495
477 494
477 493
477 492
477 491
477 490
477 489
477 488
477 487
477 486
477 485
477 484
477 483
477 482
477 481
477 480
477 479
477 478
476 499
476 498
476 497
476 496
476 495
476 494
476 493
476 492
476 491
476 490
476 489
476 488
476 487
476 486
476 485
476 484
476 483
476 482
476 481
476 480
476 479
476 478
476 477
475 499
475 498
475 497
475 496
475 495
475 494
475 493
475 492
475 491
475 490
475 489
475 488
475 487
475 486
475 485
475 484
475 483
475 482
475 481
475 480
475 479
475 478
475 477
475 476
474 499
474 498
474 497
474 496
474 495
474 494
474 493
474 492
474 491
474 490
474 489
474 488
474 487
474 486
474 485
474 484
474 483
474 482
474 481
474 480
474 479
474 478
474 477
474 476
474 475
473 499
473 498
473 497
473 496
473 495
473 494
473 493
473 492
473 491
473 490
473 489
473 488
473 487
473 486
473 485
473 484
473 483
473 482
473 481
473 480
473 479
473 478
473 477
473 476
473 475
473 474
472 499
472 498
472 497
472 496
472 495
472 494
472 493
472 492
472 491
472 490
472 489
472 488
472 487
472 486
472 485
472 484
472 483
472 482
472 481
472 480
472 479
472 478
472 477
472 476
472 475
472 474
472 473
471 499
471 498
471 497
471 496
471 495
471 494
471 493
471 492
471 491
471 490
471 489
471 488
471 487
471 486
471 485
471 484
471 483
471 482
471 481
471 480
471 479
471 478
471 477
471 476
471 475
471 474
471 473
471 472
470 499
470 498
470 497
470 496
470 495
470 494
470 493
470 492
470 491
470 490
470 489
470 488
470 487
470 486
470 485
470 484
470 483
470 482
470 481
470 480
470 479
470 478
470 477
470 476
470 475
470 474
470 473
470 472
470 471
469 499
469 498
469 497
469 496
469 495
469 494
469 493
469 492
469 491
469 490
469 489
469 488
469 487
469 486
469 485
469 484
469 483
469 482
469 481
469 480
469 479
469 478
469 477
469 476
469 475
469 474
469 473
469 472
469 471
469 470
468 499
468 498
468 497
468 496
468 495
468 494
468 493
468 492
468 491
468 490
468 489
468 488
468 487
468 486
468 485
468 484
468 483
468 482
468 481
468 480
468 479
468 478
468 477
468 476
468 475
468 474
468 473
468 472
468 471
468 470
468 469
467 499
467 498
467 497
467 496
467 495
467 494
467 493
467 492
467 491
467 490
467 489
467 488
467 487
467 486
467 485
467 484
467 483
467 482
467 481
467 480
467 479
467 478
467 477
467 476
467 475
467 474
467 473
467 472
467 471
467 470
467 469
467 468
466 499
466 498
466 497
466 496
466 495
466 494
466 493
466 492
466 491
466 490
466 489
466 488
466 487
466 486
466 485
466 484
466 483
466 482
466 481
466 480
466 479
466 478
466 477
466 476
466 475
466 474
466 473
466 472
466 471
466 470
466 469
466 468
466 467
465 499
465 498
465 497
465 496
465 495
465 494
465 493
465 492
465 491
465 490
465 489
465 488
465 487
465 486
465 485
465 484
465 483
465 482
465 481
465 480
465 479
465 478
465 477
465 476
465 475
465 474
465 473
465 472
465 471
465 470
465 469
465 468
465 467
465 466
464 499
464 498
464 497
464 496
464 495
464 494
464 493
464 492
464 491
464 490
464 489
464 488
464 487
464 486
464 485
464 484
464 483
464 482
464 481
464 480
464 479
464 478
464 477
464 476
464 475
464 474
464 473
464 472
464 471
464 470
464 469
464 468
464 467
464 466
464 465
463 499
463 498
463 497
463 496
463 495
463 494
463 493
463 492
463 491
463 490
463 489
463 488
463 487
463 486
463 485
463 484
463 483
463 482
463 481
463 480
463 479
463 478
463 477
463 476
463 475
463 474
463 473
463 472
463 471
463 470
463 469
463 468
463 467
463 466
463 465
463 464
462 499
462 498
462 497
462 496
462 495
462 494
462 493
462 492
462 491
462 490
462 489
462 488
462 487
462 486
462 485
462 484
462 483
462 482
462 481
462 480
462 479
462 478
462 477
462 476
462 475
462 474
462 473
462 472
462 471
462 470
462 469
462 468
462 467
462 466
462 465
462 464
462 463
461 499
461 498
461 497
461 496
461 495
461 494
461 493
461 492
461 491
461 490
461 489
461 488
461 487
461 486
461 485
461 484
461 483
461 482
461 481
461 480
461 479
461 478
461 477
461 476
461 475
461 474
461 473
461 472
461 471
461 470
461 469
461 468
461 467
461 466
461 465
461 464
461 463
461 462
460 499
460 498
460 497
460 496
460 495
460 494
460 493
460 492
460 491
460 490
460 489
460 488
460 487
460 486
460 485
460 484
460 483
460 482
460 481
460 480
460 479
460 478
460 477
460 476
460 475
460 474
460 473
460 472
460 471
460 470
460 469
460 468
460 467
460 466
460 465
460 464
460 463
460 462
460 461
459 499
459 498
459 497
459 496
459 495
459 494
459 493
459 492
459 491
459 490
459 489
459 488
459 487
459 486
459 485
459 484
459 483
459 482
459 481
459 480
459 479
459 478
459 477
459 476
459 475
459 474
459 473
459 472
459 471
459 470
459 469
459 468
459 467
459 466
459 465
459 464
459 463
459 462
459 461
459 460
458 499
458 498
458 497
458 496
458 495
458 494
458 493
458 492
458 491
458 490
458 489
458 488
458 487
458 486
458 485
458 484
458 483
458 482
458 481
458 480
458 479
458 478
458 477
458 476
458 475
458 474
458 473
458 472
458 471
458 470
458 469
458 468
458 467
458 466
458 465
458 464
458 463
458 462
458 461
458 460
458 459
457 499
457 498
457 497
457 496
457 495
457 494
457 493
457 492
457 491
457 490
457 489
457 488
457 487
457 486
457 485
457 484
457 483
457 482
457 481
457 480
457 479
457 478
457 477
457 476
457 475
457 474
457 473
457 472
457 471
457 470
457 469
457 468
457 467
457 466
457 465
457 464
457 463
457 462
457 461
457 460
457 459
457 458
456 499
456 498
456 497
456 496
456 495
456 494
456 493
456 492
456 491
456 490
456 489
456 488
456 487
456 486
456 485
456 484
456 483
456 482
456 481
456 480
456 479
456 478
456 477
456 476
456 475
456 474
456 473
456 472
456 471
456 470
456 469
456 468
456 467
456 466
456 465
456 464
456 463
456 462
456 461
456 460
456 459
456 458
456 457
455 499
455 498
455 497
455 496
455 495
455 494
455 493
455 492
455 491
455 490
455 489
455 488
455 487
455 486
455 485
455 484
455 483
455 482
455 481
455 480
455 479
455 478
455 477
455 476
455 475
455 474
455 473
455 472
455 471
455 470
455 469
455 468
455 467
455 466
455 465
455 464
455 463
455 462
455 461
455 460
455 459
455 458
455 457
455 456
454 499
454 498
454 497
454 496
454 495
454 494
454 493
454 492
454 491
454 490
0 0
0 0
0 0
0 0
0 0
0 0
0 0
0 0
0 0
0 0
0 0
0 0
0 0
0 0
0 0
0 0
0 0
0 0
0 0
0 0
0 0
0 0
0 0
0 0
0 0
0 0
0 0
0 0
0 0
0 0
0 0
0 0
0 0
0 0
0 0
0 0
0 0
0 0
0 0
0 0
0 0
0 0
0 0
0 0
0 0
0 0
0 0
0 0
0 0
0 0
0 0
0 0
0 0
0 0
0 0
0 0
0 0
0 0
0 0
0 0
0 0
0 0
0 0
0 0
0 0
0 0
0 0
0 0
0 0
0 0
0 0
0 0
0 0
0 0
0 0
0 0
0 0
0 0
0 0
0 0
0 0
0 0
0 0
0 0
0 0
0 0
0 0
0 0
0 0
0 0
0 0
0 0
0 0
0 0
0 0
0 0
0 0
0 0
0 0
0 0
0 0
0 0
0 0
0 0
0 0
0 0
0 0
0 0
0 0
0 0
0 0
0 0
0 0
0 0
0 0
0 0
0 0
0 0
0 0
0 0
0 0
0 0
0 0
0 0
0 0
0 0
0 0
0 0
0 0
0 0
0 0
0 0
0 0
0 0
0 0
0 0
0 0
0 0
0 0
0 0
0 0
0 0
0 0
0 0
0 0
0 0
0 0
0 0
0 0
0 0
0 0
0 0
0 0
0 0
0 0
0 0
0 0
0 0
0 0
0 0
0 0
0 0
0 0
0 0
0 0
0 0
0 0
0 0
0 0
0 0
0 0
0 0
0 0
0 0
0 0
0 0
0 0
0 0
0 0
0 0
0 0
0 0
0 0
0 0
0 0
0 0
0 0
0 0
0 0
0 0
0 0
0 0
0 0
0 0
0 0
0 0
0 0
0 0
0 0
0 0
0 0
0 0
0 0
0 0
0 0
0 0
0 0
0 0
0 0
0 0
0 0
0 0
0 0
0 0
0 0
0 0
0 0
0 0
0 0
0 0
0 0
0 0
0 0
0 0
0 0
0 0
0 0
0 0
0 0
0 0
0 0
0 0
0 0
0 0
0 0
0 0
0 0
0 0
0 0
0 0
0 0
0 0
0 0
0 0
0 0
0 0
0 0
0 0
0 0
0 0
0 0
0 0
0 0
0 0
0 0
0 0
0 0
0 0
0 0
0 0
0 0
0 0
0 0
0 0
0 0
0 0
0 0
0 0
0 0
0 0
0 0
0 0
0 0
0 0
0 0
0 0
0 0
0 0
0 0
0 0
0 0
0 0
0 0
0 0
0 0
0 0
0 0
0 0
0 0
0 0
0 0
0 0
0 0
0 0
0 0
0 0
0 0
0 0
0 0
0 0
0 0
0 0
0 0
0 0
0 0
0 0
0 0
0 0
0 0
0 0
0 0
0 0
0 0
0 0
0 0
0 0
0 0
0 0
0 0
0 0
0 0
0 0
0 0
0 0
0 0
0 0
0 0
0 0
0 0
0 0
0 0
0 0
0 0
0 0
0 0
0 0
0 0
0 0
0 0
0 0
0 0
0 0
0 0
0 0
0 0
0 0
0 0
0 0
0 0
0 0
0 0
0 0
0 0
0 0
0 0
0 0
0 0
0 0
0 0
0 0
0 0
0 0
0 0
0 0
0 0
0 0
0 0
0 0
0 0
0 0
0 0
0 0
0 0
0 0
0 0
0 0
0 0
0 0
0 0
0 0
0 0
0 0
0 0
0 0
0 0
0 0
0 0
0 0
0 0
0 0
0 0
0 0
0 0
0 0
0 0
0 0
0 0
0 0
0 0
0 0
0 0
0 0
0 0
0 0
0 0
0 0
0 0
0 0
0 0
0 0
0 0
0 0
0 0
0 0
0 0
0 0
0 0
0 0
0 0
0 0
0 0
0 0
0 0
0 0
0 0
0 0
0 0
0 0
0 0
0 0
0 0
0 0
0 0
0 0
0 0
0 0
0 0
0 0
0 0
0 0
0 0
0 0
0 0
0 0
0 0
0 0
0 0
0 0
0 0
0 0
0 0
0 0
0 0
0 0
0 0
0 0
0 0
0 0
0 0
0 0
0 0
0 0
0 0
0 0
0 0
0 0
0 0
0 0
0 0
0 0
0 0
0 0
0 0
0 0
0 0
0 0
0 0
0 0
0 0
0 0
0 0
0 0
0 0
0 0
0 0
0 0
0 0
0 0
0 0
0 0
0 0
0 0
0 0
0 0
0 0
0 0
0 0
0 0
0 0
0 0
0 0
0 0
0 0
0 0
0 0
0 0
0 0
0 0
0 0
0 0
0 0
0 0
0 0
0 0
0 0
0 0
0 0
0 0
0 0
0 0
0 0
0 0
0 0
0 0
0 0
0 0
0 0
0 0
0 0
0 0
0 0
0 0
0 0
0 0
0 0
0 0
0 0
0 0
0 0
0 0
0 0
0 0
0 0
0 0
0 0
0 0
0 0
0 0
0 0
0 0
0 0
0 0
0 0
0 0
0 0
0 0
0 0
0 0
0 0
0 0
0 0
0 0
0 0
0 0
0 0
0 0
0 0
0 0
0 0
0 0
0 0
0 0
0 0
0 0
0 0
0 0
0 0
0 0
0 0
0 0
0 0
0 0
0 0
0 0
0 0
0 0
0 0
0 0
0 0
0 0
0 0
0 0
0 0
0 0
0 0
0 0
0 0
0 0
0 0
0 0
0 0
0 0
0 0
0 0
0 0
0 0
0 0
0 0
0 0
0 0
0 0
0 0
0 0
0 0
0 0
0 0
0 0
0 0
0 0
0 0
0 0
0 0
0 0
0 0
0 0
0 0
0 0
0 0
0 0
0 0
0 0
0 0
0 0
0 0
0 0
0 0
0 0
0 0
0 0
0 0
0 0
0 0
0 0
0 0
0 0
0 0
0 0
0 0
0 0
0 0
0 0
0 0
0 0
0 0
0 0
0 0
0 0
0 0
0 0
0 0
0 0
0 0
0 0
0 0
0 0
0 0
0 0
0 0
0 0
0 0
0 0
0 0
0 0
0 0
0 0
0 0
0 0
0 0
0 0
0 0
0 0
0 0
0 0
0 0
0 0
0 0
0 0
0 0
0 0
0 0
0 0
0 0
0 0
0 0
0 0
0 0
0 0
0 0
0 0
0 0
0 0
0 0
0 0
0 0
0 0
0 0
0 0
0 0
0 0
0 0
0 0
0 0
0 0
0 0
0 0
0 0
0 0
0 0
0 0
0 0
0 0
0 0
0 0
0 0
0 0
0 0
0 0
0 0
0 0
0 0
0 0
0 0
0 0
0 0
0 0
0 0
0 0
0 0
0 0
0 0
0 0
0 0
0 0
0 0
0 0
0 0
0 0
0 0
0 0
0 0
0 0
0 0
0 0
0 0
0 0
0 0
0 0
0 0
0 0
0 0
0 0
0 0
0 0
0 0
0 0
0 0
0 0
0 0
0 0
0 0
0 0
0 0
0 0
0 0
0 0
0 0
0 0
0 0
0 0
0 0
0 0
0 0
0 0
0 0
0 0
0 0
0 0
0 0
0 0
0 0
0 0
0 0
0 0
0 0
0 0
0 0
0 0
0 0
0 0
0 0
0 0
0 0
0 0
0 0
0 0
0 0
0 0
0 0
0 0
0 0
0 0
0 0
0 0
0 0
0 0
0 0
0 0
0 0
0 0
0 0
0 0
0 0
0 0
0 0
0 0
0 0
0 0
0 0
0 0
0 0
0 0
0 0
0 0
0 0
0 0
0 0
0 0
0 0
0 0
0 0
0 0
0 0
0 0
0 0
0 0
0 0
0 0
0 0
0 0
0 0
0 0
0 0
0 0
0 0
0 0
0 0
0 0
0 0
0 0
0 0
0 0
0 0
0 0
0 0
0 0
0 0
0 0
0 0
0 0
0 0
0 0
0 0
0 0
0 0
0 0
0 0
0 0
0 0
0 0
0 0
0 0
0 0
0 0
0 0
0 0
0 0
0 0
0 0
0 0
0 0
0 0
0 0
0 0
0 0
0 0
0 0
0 0
0 0
0 0
0 0
0 0
0 0
0 0
0 0
0 0
0 0
0 0
0 0
0 0
0 0
0 0
0 0
0 0
0 0
0 0
0 0
0 0
0 0
0 0
0 0
0 0
0 0
0 0
0 0
0 0
0 0
0 0
0 0
0 0
0 0
0 0
0 0
0 0
0 0
0 0
0 0
0 0
0 0
0 0
0 0
0 0
0 0
0 0
0 0
0 0
0 0
0 0
0 0
0 0
0 0
0 0
0 0
0 0
0 0
0 0
0 0
0 0
0 0
0 0
0 0
0 0
0 0
0 0
0 0
0 0
0 0
0 0
0 0
0 0
0 0
0 0
0 0
0 0
0 0
0 0
0 0
0 0
0 0
0 0
0 0
0 0
0 0
0 0
0 0
0 0
0 0
0 0
0 0
0 0
0 0
0 0
0 0
0 0
0 0
0 0
0 0
0 0
0 0
0 0
0 0
