479 483
129 317
128 499
129 206
127 335
125 236
127 419
126 351
129 138
134 259
129 442
127 481
131 427
125 190
127 274
37 351
38 153
40 144
35 290
40 275
40 50
38 286
35 312
35 459
35 481
33 277
38 289
33 273
33 271
40 182
38 490
40 74
38 213
38 123
40 315
38 432
38 126
35 138
33 217
37 329
38 343
40 117
37 196
40 297
38 255
25 478
24 484
24 483
27 258
28 92
25 468
27 290
28 295
29 258
25 460
25 458
24 474
24 473
25 452
24 131
24 74
24 469
29 384
24 242
24 46
24 465
28 477
29 46
24 462
24 239
25 428
24 459
27 91
24 237
24 72
24 236
29 470
23 499
29 41
24 451
24 45
29 266
27 49
29 432
29 201
27 80
28 180
29 87
24 442
24 31
30 64
24 228
24 123
25 382
25 380
28 329
25 376
2 40
5 104
5 123
3 481
3 215
6 275
2 485
0 499
0 497
3 214
6 344
6 207
4 340
2 324
0 485
6 217
3 465
2 283
0 477
6 21
0 118
3 176
2 251
6 332
5 217
4 54
5 171
6 343
3 328
6 363
5 315
2 210
2 428
4 38
5 59
0 436
2 18
2 194
2 437
5 465
2 441
4 24
0 170
6 154
3 154
6 278
6 33
0 20
6 66
3 46
0 325
0 161
5 150
0 319
6 206
5 366
3 30
3 335
5 388
5 255
5 483
6 255
6 242
0 193
2 317
3 86
2 257
4 5
4 339
6 342
6 27
5 148
3 359
6 451
3 18
3 381
5 455
0 82
2 410
0 322
4 125
2 183
4 256
3 301
3 64
5 74
5 164
4 439
5 94
6 356
6 51
2 289
2 254
6 28
3 430
4 20
0 254
4 6
5 40
3 451
2 193
6 164
2 347
3 85
5 496
4 431
6 221
0 210
4 429
4 394
6 103
3 27
3 242
3 345
4 401
6 148
3 371
2 182
3 444
6 496
4 129
6 86
3 19
6 30
3 28
2 373
0 268
6 202
2 122
3 41
2 111
3 391
0 440
3 54
3 315
0 393
3 277
0 364
5 64
6 100
2 232
5 20
4 468
5 37
2 178
6 40
3 284
6 388
3 140
5 431
3 376
5 329
4 286
3 401
3 477
0 292
5 358
6 329
5 274
5 345
1564074331 1089586924
-1683930131 1089634518
1505506948 1089639117
418666477 1089667207
-1461011995 1089734717
-578679546 1089720760
247740861 1089767530
-900972721 1089702181
1617446 1089697861
-410866140 1089704624
-1614001617 1089744391
-1196742129 1089671082
1360784816 1089663237
-99805854 1089631339
915951863 1089628354
-1957525793 1089593843
-1771061264 1089738734
-1809276452 1089670725
431490195 1089665615
241300809 1089589085
-1657674296 1089581432
-1063978283 1089641659
-195424409 1089692801
-1897317310 1089630069
-1047072897 1089648030
-1044669630 1089600023
47949847 1089664773
336608226 1089655882
2142543120 1089697770
434134602 1089673482
1038827249 1089694038
-920527948 1089635258
1704558141 1089700246
-1033695100 1089629567
1674119144 1089663111
1731405134 1089628850
-629787979 1089635900
706026314 1089626979
2119282076 1089740504
1553838177 1089652266
-1998163698 1089697761
263513655 1089639160
-739116935 1089688371
-1152856080 1089635526
712499824 1089709197
769974320 1089616037
445970017 1089687685
1799829128 1089585213
-1445304103 1089622654
-2085535677 1089597841
-723252409 1089738344
-1097318683 1089581859
-1218813035 1089730200
320650467 1089653404
-2004221643 1089715792
-1110350184 1089636987
1196392701 1089717469
-1531789602 1089620125
-389451648 1089675665
1480967608 1089660692
247643216 1089604946
603946751 1089643020
1091015640 1089587637
-974769257 1089639561
1933790900 1089668326
895205693 1089635602
-621101627 1089707325
-19518759 1089580778
1860847542 1089700443
-79073805 1089663411
-1876368907 1089616053
-244222952 1089672529
1217145354 1089622722
381881077 1089622528
-109590331 1089653166
1353976349 1089594314
-1675565034 1089726220
879286587 1089715457
-805761249 1089709753
-859481932 1089674718
-204239208 1089724833
1773902996 1089645567
-957850144 1089710222
1248630127 1089632665
-322377984 1089641493
-1235470104 1089718911
979179421 1089626372
769720729 1089609963
305248031 1089669146
-1386992313 1089669179
-1942100437 1089617856
-1061884342 1089599797
-1294044227 1089707199
1298926553 1089590252
594599447 1089592707
-1413401065 1089578373
-134145669 1089729131
-1850531443 1089723061
1870643428 1089676936
-1847886442 1089676301
915962728 1089683392
205586244 1089649043
-2044217364 1089607145
1210873001 1089576304
-2127546880 1089682664
422284180 1089674703
1908006269 1089653980
-718108525 1089651355
-1961940375 1089638993
-632729937 1089624490
166114391 1089652796
-1931569057 1089677261
1938378661 1089692085
1298073665 1089656587
969765831 1089662033
296590260 1089617936
1953952975 1089682364
1278950738 1089614543
-742204280 1089698918
-2080413258 1089665531
-312013079 1089674706
-115628220 1089601728
-323680374 1089689439
-984083851 1089678117
1540374033 1089649076
1968105550 1089599205
471466117 1089677296
-1779326027 1089686122
-145219174 1089679386
-62730634 1089611825
1479515237 1089662673
389654279 1089634674
1925556983 1089627317
-672875879 1089678332
-1918152825 1089641534
-79511490 1089695250
-1865933017 1089726244
-1796833785 1089626253
1205541063 1089691105
760585317 1089616800
1027626879 1089603644
913535298 1089691138
-82460194 1089711202
830652138 1089631580
-905102526 1089605368
-886747879 1089610875
681080245 1089647931
303729709 1089597042
1951067248 1089736166
926896503 1089629841
813535274 1089746077
-1990934908 1089658451
-1345284569 1089651243
1819095629 1089639314
2025868549 1089671738
-643786869 1089595264
-2137783911 1089593325
-1677061302 1089592458
-2004185244 1089704952
-756994588 1089744549
-6213205 1089606193
716975132 1089600976
1707147896 1089624028
-1669432306 1089591072
966346994 1089670888
627620928 1089658090
1256590697 1089585737
-891445735 1089584956
622149513 1089681967
-733600600 1089583996
-429577294 1089649267
-1748731553 1089623458
654704972 1089604040
1374176187 1089680702
-2068403436 1089672061
-32889929 1089727312
281966759 1089644020
-483476218 1089583952
-802840718 1089645798
-1717873626 1089670835
428099782 1089695427
319601335 1089653634
-1895398269 1089701031
-1100661105 1089605106
498675631 1089696929
1241506167 1089598020
-367036774 1089669361
492357012 1089576584
1179633149 1089707309
-1918018490 1089729783
-1621584422 1089718894
-2057425040 1089668271
-204062474 1089708881
1935790096 1089651105
-137165109 1089625168
2128146339 1089618634
223740189 1089616197
-1306834218 1089588213
-1252874494 1089623030
1615749768 1089633378
-1268841693 1089665668
439591102 1089578626
-339910929 1089683870
-17069733 1089625310
-287168257 1089620348
-2063661009 1089630722
-988668819 1089572364
-1958499101 1089687170
-377650408 1089741171
1916750411 1089651687
175620660 1089688868
738158676 1089696208
110970693 1089705357
-412043386 1089670628
1786182215 1089700467
1551666583 1089713506
844182655 1089669321
1006196748 1089571937
-1933587782 1089675163
-1554377752 1089640036
-490722936 1089579780
-329432383 1089575207
-2141435691 1089726298
1759973389 1089655872
-854868605 1089735469
-1399372099 1089725865
-1121076556 1089664431
-1176461503 1089627515
1788455837 1089701703
1476140632 1089719666
1533865067 1089699351
212855 1089661331
835480715 1089738779
1120433374 1089703352
-190082572 1089624889
-840781262 1089732542
1211070837 1089723089
-1559198482 1089648541
-699953084 1089621902
1282515059 1089692685
2054911660 1089741383
133823281 1089712339
1726972369 1089685262
518133741 1089624189
-1192428368 1089707082
513628150 1089688969
-743666156 1089641273
1033090498 1089645838
-1703533428 1089637654
672738017 1089636350
1725876957 1089620775
158008368 1089651074
517914214 1089619323
-1614002471 1089609221
-2035040039 1089602674
600627924 1089591184
1231007352 1089583384
-306538453 1089675836
817025739 1089602002
-1996284746 1089581296
574981065 1089586935
556909202 1089615649
-1923309740 1089716351
792802000 1089730019
413303510 1089732978
1273322212 1089727974
1444289033 1089686454
1152755713 1089705001
-2030462563 1089623442
1921854480 1089609197
-2064553353 1089634831
-392395063 1089615078
-502150962 1089712519
-749168397 1089671539
1691308193 1089623474
1477158554 1089620510
-1202867752 1089684987
858787213 1089675367
-864633551 1089638885
-627537231 1089690538
48884011 1089626132
998437437 1089658369
-26490159 1089654462
419394650 1089699927
-2039425138 1089594136
2058027176 1089577396
-825258379 1089602774
-406682720 1089710150
-126696027 1089715950
1086716652 1089667752
-1767527833 1089741089
-1664274674 1089700827
-1057808065 1089748407
-736875772 1089699912
-693449631 1089742366
-1032660171 1089692427
123763835 1089678487
1477988461 1089677292
1822670411 1089685841
-114804911 1089641769
2053626454 1089620939
5635145 1089604094
-1069882505 1089600213
1094990569 1089723978
1273019371 1089724353
1451036564 1089600048
395666279 1089740882
857727826 1089723441
-1734911495 1089590051
1614131253 1089694103
1098033156 1089699506
-190608475 1089584865
-108833343 1089727146
-1535908037 1089686284
-1177765770 1089619836
1910421636 1089672011
-818956199 1089677312
-694193409 1089708976
-34811087 1089709507
1046158846 1089668570
-220772769 1089687364
-1079744651 1089718659
-1568272069 1089681139
101594884 1089748404
2112994141 1089684175
-1241808013 1089654990
-1749862810 1089706007
-2055692042 1089714826
-1978900668 1089667723
153553025 1089625074
-626102255 1089712658
-626876478 1089607465
1144503945 1089653167
-1368653709 1089602145
-378706601 1089710023
1855197546 1089700014
-1746268076 1089753057
1362915966 1089771962
696265935 1089763392
-890395964 1089739358
-1493022845 1089733289
752468259 1089731958
200987313 1089754918
-341830177 1089724023
1251395562 1089741811
1129636714 1089706100
-218034462 1089713864
1563920625 1089702786
1553643855 1089709417
223517106 1089701829
101741721 1089712078
2024248532 1089714613
967139483 1089698856
1965961573 1089742365
324437043 1089730667
1933433037 1089697235
1707410059 1089718903
-504717570 1089718771
-1191791456 1089739889
-739211214 1089704001
-791100912 1089730469
-1236427081 1089753355
-374480830 1089733768
743876648 1089732420
150389748 1089737447
-1107305858 1089721002
624636973 1089718741
512414909 1089706933
-1522283103 1089741179
-1387752046 1089710318
-945833746 1089709415
1347105189 1089705067
460000320 1089753511
1672222850 1089750824
-226967796 1089742004
-978136968 1089729987
-2064892043 1089733486
-2075767627 1089724836
-1131035182 1089723383
-716302364 1089722174
2024508201 1089720489
207063778 1089713039
-487940539 1089756009
517649496 1089734171
1630594277 1089730930
2018883363 1089730820
-1538499729 1089729347
1425208696 1089739737
1166949932 1089736966
-172835771 1089725782
1846028148 1089716791
1777575984 1089716247
103098912 1089722896
1451188765 1089718573
1716288791 1089714116
-2012630081 1089734885
448043888 1089713420
-2120253300 1089712261
1120858535 1089703402
193579477 1089739651
-1323215084 1089716967
-1138511637 1089723823
-666731864 1089727426
-2032846773 1089729026
1827843898 1089747606
746216518 1089725413
-1242404125 1089711401
2047662826 1089711160
618093664 1089759875
-482181026 1089758802
-792943730 1089759269
562769437 1089725390
-1566675119 1089729361
-1431175165 1089754002
1315269737 1089701331
-625434806 1089701020
508520705 1089723345
1495611677 1089700323
-2070814742 1089727517
419858197 1089700039
34055019 1089700116
1700686705 1089738577
-1911774938 1089702850
-1978455073 1089698468
-1456638329 1089741140
440468991 1089738984
-538023911 1089733496
1349060125 1089722066
1024940660 1089745474
-1492134580 1089730403
211110572 1089718276
-1431463457 1089760555
1541867929 1089714448
363958976 1089704524
-986598980 1089698888
107057544 1089697827
-513421144 1089695403
-439518405 1089733439
48043260 1089742976
-1184308861 1089714670
1209997213 1089755069
-2018628452 1089725961
1251651693 1089713968
1435145119 1089705260
405206663 1089726974
-1342291470 1089735910
-2010559441 1089739217
292337732 1089703195
1131020959 1089732740
1701120217 1089751203
1773021703 1089751248
1802063845 1089748819
1767517293 1089766446
-736604013 1089741374
431714385 1089757890
-1149986820 1089737088
1535556087 1089721517
119382216 1089712351
1061539416 1089711497
-1763826343 1089702037
1432082032 1089701288
1635642368 1089695198
-1187623267 1089725993
489092435 1089695085
-651591362 1089727754
-413788728 1089694501
70359208 1089745996
-2001813212 1089752421
-121549478 1089745218
126131107 1089727201
-1962698077 1089731508
-1043718155 1089694459
2108463348 1089736960
-814785800 1089739920
2073845873 1089693689
-1314434508 1089727806
-1790816292 1089692859
-1814450493 1089692815
-1122017851 1089744485
-472854554 1089741862
-769439005 1089759317
-1600340268 1089750743
1836807366 1089747447
55943625 1089740706
-944659882 1089734114
1145574675 1089731153
-96955794 1089739716
882549594 1089755585
1482652727 1089728104
1574184426 1089718571
488991695 1089751302
1003911211 1089743271
2094461182 1089742985
1025886442 1089735855
1160857087 1089753802
-1394665056 1089763533
-761005219 1089713064
1979881894 1089727266
-648251428 1089709848
-364623857 1089718601
356214699 1089709551
-94559913 1089741120
-352168320 1089772805
-435201275 1089763616
-688225817 1089762958
1012576661 1089762362
1258154725 1089750293
-1401547461 1089743707
-29126702 1089741044
-1138400390 1089740678
-569223304 1089748298
1001925628 1089738015
-952375339 1089733136
-80552880 1089744266
-2076216311 1089757697
164868756 1089742375
-543746192 1089741925
-1563685881 1089750293
-632936820 1089757409
1304643089 1089766171
-229253333 1089762284
-319133198 1089750823
-967126565 1089750775
-410534703 1089744106
1098898453 1089760461
-622082250 1089741969
1445552342 1089755243
-649069864 1089752927
-164630664 1089760939
2044733598 1089757627
2133904048 1089753619
-310668252 1089751074
1246314080 1089741746
562475103 1089744352
-1816169478 1089741125
431888366 1089740791
-397006948 1089751977
-1947179381 1089751954
-114061924 1089769029
-1775264816 1089762085
-189080043 1089760922
144109478 1089760604
1087394940 1089738769
-2036323834 1089764310
1844787880 1089759891
1699971212 1089746237
-929013515 1089752149
-2009491897 1089740181
-1087866563 1089756762
1015476857 1089767001
909328822 1089738035
1256236109 1089737797
989383837 1089749221
-1573770866 1089743953
65638775 1089757933
-348228509 1089737155
-1389497528 1089758291
-353270296 1089736928
-1400405612 1089755651
-178292314 1089759607
599106387 1089770296
-878943382 1089766477
1544930560 1089747417
-1283052212 1089738031
2022424835 1089735518
550429806 1089747140
1105380062 1089751033
-2042459681 1089755036
1044993874 1089756308
-345574693 1089747005
776130170 1089745924
1770615636 1089745607
-1697896334 1089756532
-1494570708 1089750701
-1329608260 1089769114
1254304177 1089764157
1000226232 1089751337
-427491807 1089764478
-837784173 1089757548
-35527300 1089757893
-1914604796 1089764584
-798520685 1089768544
-414176489 1089766037
-1045688652 1089747849
-1099581591 1089766936
-1396418661 1089772813
-337188853 1089764123
-1815749801 1089763816
-932756322 1089766757
849189762 1089754724
1605970111 1089766000
2124936599 1089760552
-453807548 1089759675
-1897727128 1089770267
-233550010 1089763530
-1737920183 1089770082
535617905 1089760985
-218103059 1089769791
-370542930 1089763424
570815461 1089763165
1949766277 1089760505
969835509 1089760427
-967145629 1089768497
-114704890 1089771307
-452248061 1089766786
1179347625 1089769159
1983251663 1089770222
-804857169 1089760851
436696714 1089769552
-983755386 1089767986
1514377836 1089763510
1412199916 1089759947
1360523168 1089765352
-980796506 1089768777
-524951132 1089771238
1463732505 1089763796
-310619474 1089759879
1797013090 1089758156
2097069270 1089765081
-1029123802 1089757899
-697222901 1089770962
83619218 1089769206
-874554594 1089770472
-777544986 1089765240
-445649220 1089771034
1448401840 1089774513
710694389 1089773198
1935691512 1089771414
-337634291 1089769281
-1921561293 1089768630
-350713170 1089771336
464621117 1089771446
1181436164 1089771699
2087576162 1089770105
-1740441053 1089770207
-1248056289 1089771399
1263134360 1089773469
-1774469150 1089770574
537864241 1089771510
1292205292 1089770977
-554157588 1089772940
-1554903207 1089768195
-393547575 1089767781
396737014 1089767681
-1383881133 1089773744
817536082 1089772608
1883300871 1089774866
-848441941 1089773491
467349232 1089772251
-1400223533 1089772208
1242860714 1089773818
-1321631025 1089771521
1339371474 1089775350
-1806642126 1089773292
-1723900763 1089773472
448556221 1089771859
338308867 1089774178
1634125544 1089775381
1487105952 1089775578
-1583392717 1089774359
-544893575 1089775494
-1489588318 1089775301
1953078794 1089775475
-1557935549 1089775841
-39523394 1089775929
-819142295 1089776619
114693920 1089776882
1516888813 1089776169
-866336080 1089775529
309152039 1089775010
-325125437 1089774256
452806898 1089772836
1020024272 1089771447
217425832 1089770621
176827598 1089769682
1213457933 1089769387
216428359 1089769332
-2127762232 1089768832
896711388 1089767478
12390057 1089766841
-1042981953 1089766691
352233513 1089766161
-836447773 1089762302
-1185983383 1089761834
1046523227 1089761300
-1467417943 1089757129
-369900356 1089756066
-1253168051 1089755507
-979721723 1089754783
-747566739 1089754613
-1926451460 1089752852
1301746508 1089752447
1578138157 1089750882
-1211309285 1089750394
-890572699 1089748232
-782251711 1089748124
-354380169 1089747614
1744128944 1089746878
-2055798182 1089746695
-1177711193 1089745985
2134229207 1089745264
245202148 1089744630
953562580 1089744416
750830952 1089744230
159817196 1089743931
1402727821 1089739583
-350782968 1089737387
1288480574 1089735854
-41475658 1089735621
470696330 1089734455
-385596971 1089732606
-95205121 1089730954
443991237 1089729363
2127711079 1089728819
579256229 1089728289
1271791012 1089727524
1851881484 1089726476
-902507803 1089725927
-543316247 1089725515
-1229660296 1089725492
-35126487 1089725191
-763962704 1089724841
-330147183 1089724350
-1513180375 1089730230
-90315944 1089723448
176508201 1089722417
-617582642 1089721492
1508430821 1089721134
1211470397 1089720839
791178196 1089720596
-672945397 1089718172
759298705 1089717940
741773136 1089717443
-1397396977 1089714583
-1130535622 1089714167
-1400673284 1089713690
-203427348 1089712704
1921005396 1089712542
1537235574 1089712212
-1881716098 1089711650
1202697025 1089710933
-2056229659 1089710298
-1218671975 1089709570
0 36
5 382
4 67
7 209
1 205
1 321
3 271
1 72
7 237
1 159
3 425
7 298
6 259
6 325
2 187
4 483
3 478
6 440
2 409
6 318
2 120
7 232
1 248
7 25
0 414
7 205
3 208
5 309
0 465
1 473
4 218
0 130
5 62
7 111
4 461
4 245
6 125
0 310
4 495
1 149
0 167
0 336
4 261
5 339
4 405
7 277
7 48
7 377
2 253
3 318
2 407
6 360
0 426
5 458
1 391
6 69
7 364
4 58
0 476
4 135
2 135
1 494
6 87
3 440
7 373
2 291
6 107
2 495
3 468
1 67
7 63
7 134
7 380
1 94
7 52
4 181
2 57
1 126
4 79
7 257
7 299
7 62
4 56
4 287
3 339
1 197
3 470
1 209
5 271
7 387
0 183
1 245
0 374
3 161
4 214
7 254
7 80
7 114
1 300
0 403
4 456
0 408
1 333
7 325
4 51
1 356
5 346
1 369
2 25
0 220
4 88
2 119
7 360
4 311
7 17
2 234
1 441
6 458
1 455
0 30
3 416
3 346
4 105
3 480
4 338
0 253
2 79
4 142
2 117
6 152
7 290
5 92
7 131
4 413
1 43
2 272
2 90
1 56
7 301
7 161
2 134
1 71
6 382
4 385
4 207
1 88
2 168
4 219
7 354
4 141
7 404
0 304
7 275
1 119
2 237
6 62
5 320
7 148
0 39
7 138
2 390
1 153
4 189
7 121
1 164
7 74
7 366
2 59
6 309
7 215
1 189
7 243
1 195
4 29
7 285
7 398
0 177
4 53
0 89
4 199
7 309
2 74
1 235
7 193
0 185
0 373
0 187
7 343
0 378
0 380
7 333
6 92
7 141
4 421
1 282
0 98
7 162
0 397
2 301
4 293
7 315
7 104
7 118
2 177
4 166
7 410
4 464
7 179
7 33
3 269
6 399
6 320
4 453
3 360
4 71
4 113
1 371
2 387
2 86
4 290
1 388
4 414
4 47
0 448
0 112
0 113
7 210
0 57
5 6
4 430
0 463
7 292
0 233
5 480
1 444
4 484
7 184
4 167
2 419
1 464
4 34
2 423
5 17
3 87
4 275
1 486
4 446
1 495
0 249
7 202
2 123
4 349
1 8
2 315
7 363
1 15
0 257
1 18
4 77
0 260
4 409
7 82
7 163
1 30
1 33
7 102
0 267
7 97
3 17
0 270
1 44
7 37
0 68
0 137
1 52
4 264
7 10
4 61
1 61
4 159
4 96
4 380
7 100
7 28
1 73
2 299
4 347
2 95
7 214
0 290
7 281
7 182
1 89
0 294
0 73
0 296
1 97
1 98
4 326
0 75
4 307
7 206
0 151
1 110
4 336
1 115
7 294
7 167
7 342
4 335
1 124
0 156
5 127
4 65
1 132
1 135
4 76
7 108
7 164
1 142
4 375
4 162
4 156
0 162
6 478
4 407
3 125
7 313
4 353
0 165
0 331
7 128
4 390
4 373
7 332
7 395
1 177
2 446
2 28
7 86
1 185
7 178
7 23
7 236
7 150
7 263
7 103
1 199
4 43
2 145
6 271
0 352
6 127
0 354
0 355
1 215
0 44
0 179
4 132
7 326
4 463
1 227
0 11
0 182
0 91
4 368
2 219
0 368
4 151
0 370
0 371
0 372
7 365
7 207
1 253
4 36
2 489
7 171
1 261
4 80
4 246
4 257
7 107
4 462
4 68
4 57
1 276
2 363
2 384
7 95
4 330
0 392
1 289
7 49
7 411
4 73
0 198
7 390
4 270
4 182
7 173
1 306
7 265
1 311
7 69
4 354
0 407
4 81
6 17
7 12
2 288
7 45
7 222
1 331
0 415
5 125
2 199
1 338
1 341
7 393
4 342
4 221
7 135
2 164
4 252
1 355
7 316
1 359
7 353
4 78
4 466
4 75
0 216
7 9
2 94
4 115
7 21
1 379
1 381
0 110
7 347
1 386
0 443
7 213
0 445
0 111
0 55
6 480
0 449
7 391
7 208
0 226
4 386
0 227
7 269
1 415
4 302
5 87
7 328
1 422
1 424
0 462
0 231
2 391
0 232
2 414
7 392
4 15
4 230
4 280
4 130
1 446
1 449
7 242
4 21
7 183
1 456
2 488
4 198
7 288
2 385
1 467
4 98
0 484
4 312
4 22
2 77
7 91
2 105
7 305
0 61
1 487
5 478
4 233
4 422
0 31
4 232
1 498
4 63
7 109
4 133
7 126
7 399
0 126
1 7
7 361
7 130
2 12
1 11
4 465
0 63
0 128
4 191
1 16
0 32
7 16
4 111
0 8
4 412
1 22
4 110
7 413
7 344
1 26
7 221
7 142
0 263
7 89
1 31
1 32
4 388
1 34
7 261
1 36
1 37
7 154
1 39
7 253
7 409
7 73
4 426
4 445
1 45
4 443
7 159
7 216
4 454
0 4
1 51
0 275
1 53
0 276
1 55
0 138
1 57
1 58
7 181
0 139
7 276
7 374
0 280
7 26
1 65
7 302
7 416
7 224
4 222
7 337
7 267
7 30
7 188
4 263
1 75
1 76
1 77
1 78
1 79
4 392
1 81
7 331
1 83
4 448
7 428
4 235
4 231
7 185
7 367
1 90
4 7
7 348
7 312
7 51
7 218
7 11
7 371
7 235
7 198
4 139
1 101
4 352
7 113
0 150
1 105
1 106
4 296
7 122
4 213
7 335
7 53
1 112
7 96
0 306
7 296
1 116
0 153
7 425
7 225
4 260
1 121
1 122
7 245
7 375
7 77
7 133
0 312
7 189
4 90
1 130
7 72
4 203
1 133
0 158
7 90
4 175
4 32
7 249
1 139
7 112
7 191
4 30
0 80
7 430
0 321
7 317
2 93
4 126
7 248
7 174
1 151
4 39
7 368
4 187
0 326
7 8
1 157
1 158
4 476
4 23
7 388
7 105
1 163
7 408
1 165
4 397
4 434
7 418
0 83
0 334
1 171
7 39
1 173
7 44
4 226
4 321
7 165
1 178
0 84
4 490
1 181
7 68
4 403
0 341
7 330
7 152
1 187
4 153
7 341
1 190
1 191
7 22
7 83
4 128
7 15
0 347
7 199
1 198
7 352
4 457
7 157
7 405
1 203
0 175
7 424
4 11
0 176
0 353
4 304
7 84
1 211
1 212
4 179
0 356
7 106
7 55
7 57
1 218
1 219
1 220
1 221
7 166
4 112
7 403
1 225
1 226
4 212
7 115
4 408
1 230
1 231
7 321
1 233
1 234
7 421
1 236
0 367
1 238
7 270
4 455
4 341
7 338
4 355
7 306
4 150
1 246
0 23
7 291
1 249
7 156
7 385
1 252
4 370
7 197
7 349
7 264
4 8
7 81
7 220
1 260
4 371
1 262
7 383
1 264
4 487
0 191
1 267
4 176
4 108
7 304
7 238
7 422
7 85
7 158
7 229
7 65
0 96
7 407
0 388
1 280
4 367
7 233
7 372
7 29
1 285
4 116
1 287
4 227
4 303
0 197
7 400
7 190
1 293
7 219
7 34
1 296
7 300
4 267
7 211
7 119
7 283
1 302
1 303
1 304
1 305
2 66
1 307
4 249
7 307
1 310
7 359
7 32
7 43
0 203
4 185
7 187
1 317
7 303
7 177
5 318
7 94
1 322
7 19
4 444
4 26
4 177
7 226
7 36
0 206
7 124
7 412
1 332
7 282
1 334
4 106
1 336
7 287
4 119
0 418
7 175
7 252
1 342
4 197
1 344
7 195
4 91
0 211
7 310
4 158
0 212
0 424
1 352
0 106
7 58
7 230
7 356
0 213
0 26
4 216
7 61
1 361
7 67
7 78
7 149
7 76
0 108
1 367
1 368
7 132
1 370
0 434
1 372
2 72
7 75
1 375
4 306
7 280
1 378
7 212
7 151
7 311
4 55
7 234
4 211
1 385
7 88
4 331
4 234
7 101
1 390
0 444
4 253
0 222
4 356
1 395
7 378
1 397
1 398
7 27
1 400
0 224
4 374
1 403
4 44
1 405
1 406
1 407
1 408
1 409
4 415
1 411
1 412
0 455
1 414
4 138
7 379
0 457
1 418
7 31
7 203
7 334
7 262
4 224
7 415
4 473
1 426
0 115
7 397
4 206
1 430
7 47
7 355
0 116
0 466
1 435
4 334
1 437
1 438
0 234
7 414
4 418
0 235
1 443
4 449
7 370
7 246
4 424
1 448
0 473
7 137
7 35
1 452
7 336
1 454
7 176
7 386
7 110
4 498
4 83
4 31
1 461
4 124
1 463
4 372
7 406
1 466
7 56
7 168
7 227
7 369
7 231
7 116
7 71
4 137
1 475
1 476
7 139
4 84
4 165
4 220
4 183
0 490
7 98
7 260
4 378
7 144
7 194
4 89
2 451
7 357
4 276
4 294
1 493
7 426
7 79
4 310
7 293
0 7
0 498
7 153
0 124
2 154
